Sample	total_reads	avg_input_read_length	uniquely_mapped	uniquely_mapped_percent	avg_mapped_read_length	num_splices	num_annotated_splices	num_GTAG_splices	num_GCAG_splices	num_ATAC_splices	num_noncanonical_splices	mismatch_rate	deletion_rate	deletion_length	insertion_rate	insertion_length	multimapped	multimapped_percent	multimapped_toomany	multimapped_toomany_percent	unmapped_mismatches_percent	unmapped_tooshort_percent	unmapped_other_percent	unmapped_mismatches	unmapped_tooshort	unmapped_other
A1_3	25532745.0	298.0	24260233.0	95.02	296.45	29060520.0	28732999.0	28809214.0	190413.0	22773.0	38120.0	0.2	0.01	2.0	0.01	1.54	716885.0	2.81	5754.0	0.02	0.0	2.13	0.02	0	544758	5115
AG11	86122672.0	292.0	82863580.0	96.22	291.16	84012683.0	83187877.0	83144435.0	677631.0	58232.0	132385.0	0.35	0.01	1.8	0.01	1.67	2073350.0	2.41	15007.0	0.02	0.0	1.33	0.03	0	1144910	25825
AG12	92470556.0	292.0	88813341.0	96.04	291.13	94170708.0	93201049.0	93186437.0	770079.0	64622.0	149570.0	0.37	0.01	1.82	0.01	1.7	2173823.0	2.35	17303.0	0.02	0.0	1.55	0.03	0	1438252	27837
AG1-seq	61398091.0	151.0	57033818.0	92.89	150.75	29656176.0	29397477.0	29365526.0	228048.0	19385.0	43217.0	0.3	0.0	2.0	0.01	1.26	2444686.0	3.98	33907.0	0.06	0.0	3.04	0.04	0	1861191	24489
B108_CSE1-seq	26426012.0	295.0	20545886.0	77.75	289.56	21757217.0	21577207.0	21524875.0	176880.0	18707.0	36755.0	0.17	0.01	1.78	0.01	1.52	1137856.0	4.31	9043.0	0.03	0.0	17.88	0.03	0	4725299	7928
B109_CSE1-seq	32871268.0	298.0	27054202.0	82.3	294.7	28525759.0	28280010.0	28229491.0	225745.0	24068.0	46455.0	0.17	0.01	1.79	0.01	1.57	837533.0	2.55	6512.0	0.02	0.0	15.08	0.05	0	4956587	16434
B125_CSE1-seq	24426172.0	295.0	18866534.0	77.24	289.71	19297337.0	19127463.0	19088442.0	156457.0	16458.0	35980.0	0.18	0.01	1.72	0.01	1.48	1280439.0	5.24	12722.0	0.05	0.0	17.43	0.03	0	4259146	7331
B152ISO_CCH1-seq	29168772.0	296.0	22805635.0	78.19	290.3	21630978.0	21243646.0	21410028.0	169988.0	18534.0	32428.0	0.26	0.01	1.91	0.01	1.5	752179.0	2.58	12107.0	0.04	0.0	19.14	0.06	0	5581355	17496
B24_CSE1-seq	20038263.0	295.0	15843844.0	79.07	289.84	15224425.0	15093134.0	15065897.0	121085.0	12138.0	25305.0	0.18	0.01	1.71	0.01	1.49	903715.0	4.51	7476.0	0.04	0.0	16.35	0.04	0	3275215	8013
B38_CSE1-seq	24551099.0	294.0	19928011.0	81.17	289.75	20471762.0	20290618.0	20248968.0	170834.0	18030.0	33930.0	0.18	0.01	1.81	0.01	1.49	1230511.0	5.01	11323.0	0.05	0.0	13.73	0.04	0	3371432	9822
B45ISO_DMSO1-seq	19697638.0	299.0	15636870.0	79.38	293.36	13652426.0	13543852.0	13525058.0	96583.0	10140.0	20645.0	0.26	0.01	2.01	0.01	1.57	717929.0	3.64	7727.0	0.04	0.0	16.89	0.04	0	3327232	7880
B64ISO_DMSO1-seq	18945668.0	299.0	15820244.0	83.5	294.74	13096860.0	12986591.0	12977270.0	90250.0	9508.0	19832.0	0.27	0.01	1.99	0.01	1.55	896309.0	4.73	11358.0	0.06	0.0	11.66	0.05	0	2208287	9470
B66ISO_DMSO1-seq	2215452.0	297.0	1938592.0	87.5	294.58	1752799.0	1739590.0	1736992.0	12237.0	1295.0	2275.0	0.23	0.01	1.87	0.01	1.51	96651.0	4.36	972.0	0.04	0.0	8.05	0.04	0	178351	886
B72ISO_CCHS1-seq	24013905.0	295.0	18067688.0	75.24	288.49	17388319.0	17089289.0	17207827.0	139687.0	15049.0	25756.0	0.28	0.01	1.88	0.01	1.52	843048.0	3.51	11095.0	0.05	0.0	21.16	0.05	0	5080070	12004
B73_CSE1-seq	22523696.0	298.0	18886846.0	83.85	295.76	20253038.0	20079449.0	20044848.0	159724.0	17607.0	30859.0	0.17	0.01	1.79	0.01	1.64	703591.0	3.12	4670.0	0.02	0.0	12.95	0.05	0	2917325	11264
B88_CSE1-seq	23283161.0	295.0	18238077.0	78.33	289.67	18908183.0	18734389.0	18708998.0	152620.0	16326.0	30239.0	0.17	0.01	1.78	0.01	1.55	1275931.0	5.48	11623.0	0.05	0.0	16.1	0.04	0	3748218	9312
Control_1	80945885.0	294.0	76912896.0	95.02	292.95	83841188.0	83247672.0	83082374.0	588034.0	63615.0	107165.0	0.31	0.01	1.93	0.01	1.7	2928166.0	3.62	18935.0	0.02	0.0	1.32	0.02	0	1069681	16207
DR01_2	64766866.0	297.0	60043510.0	92.71	295.68	65384075.0	64818263.0	64766161.0	479632.0	44188.0	94094.0	0.46	0.01	1.87	0.01	1.71	3568589.0	5.51	16997.0	0.03	0.0	1.73	0.03	0	1118376	19394
DR04_2	84773173.0	294.0	79879175.0	94.23	293.02	81663593.0	80905921.0	80858770.0	622923.0	58773.0	123127.0	0.47	0.01	1.92	0.01	1.71	3284461.0	3.87	20391.0	0.02	0.0	1.85	0.03	0	1563787	25359
DR07_2	81821869.0	295.0	77619056.0	94.86	293.16	80701264.0	79957891.0	79908447.0	612870.0	55513.0	124434.0	0.49	0.01	1.84	0.01	1.74	2607661.0	3.19	19604.0	0.02	0.0	1.89	0.03	0	1550930	24618
DR10_2	94971447.0	295.0	89731825.0	94.48	293.88	96656288.0	95766715.0	95746901.0	703312.0	63292.0	142783.0	0.44	0.01	1.85	0.01	1.67	3722671.0	3.92	25968.0	0.03	0.0	1.54	0.03	0	1462493	28490
DR13_2	91782334.0	295.0	87900287.0	95.77	293.99	91638613.0	90788500.0	90717308.0	712876.0	65398.0	143031.0	0.44	0.01	1.99	0.01	1.68	2500065.0	2.72	20977.0	0.02	0.0	1.45	0.03	0	1333417	27588
DR19_2	82025934.0	295.0	78252279.0	95.4	293.47	83184834.0	82479543.0	82382371.0	623855.0	54357.0	124251.0	0.46	0.01	1.84	0.01	1.72	2371581.0	2.89	17190.0	0.02	0.0	1.66	0.03	0	1360300	24584
DR22_2	121075366.0	293.0	115353374.0	95.27	292.38	120509777.0	119490517.0	119347677.0	892629.0	88299.0	181172.0	0.43	0.01	1.87	0.01	1.68	4013992.0	3.32	27600.0	0.02	0.0	1.36	0.03	0	1644132	36268
DR25-seq	67439448.0	293.0	63694428.0	94.45	292.04	63872520.0	63272489.0	63214780.0	504098.0	48362.0	105280.0	0.46	0.01	1.94	0.01	1.72	2374982.0	3.52	17718.0	0.03	0.0	1.97	0.04	0	1325408	26912
DR28-seq	94744369.0	295.0	89820872.0	94.8	293.5	90193925.0	89386531.0	89296482.0	684932.0	67472.0	145039.0	0.44	0.01	1.85	0.01	1.67	3367572.0	3.55	23835.0	0.03	0.0	1.58	0.03	0	1503542	28548
DR34-seq	70203518.0	295.0	67006731.0	95.45	293.69	69857791.0	69244508.0	69178283.0	524766.0	46831.0	107911.0	0.48	0.01	1.9	0.01	1.71	1963557.0	2.8	17545.0	0.02	0.0	1.7	0.04	0	1187738	27947
DR37-seq	85366807.0	295.0	76415890.0	89.51	293.55	79259989.0	78567873.0	78501537.0	587757.0	53378.0	117317.0	0.46	0.01	1.82	0.01	1.73	7427594.0	8.7	30445.0	0.04	0.0	1.72	0.03	0	1467286	25592
DR40-seq	75809619.0	294.0	71228524.0	93.96	293.04	73073346.0	72316191.0	72309240.0	589501.0	56997.0	117608.0	0.47	0.01	1.9	0.01	1.73	2967069.0	3.91	18011.0	0.02	0.0	2.08	0.03	0	1573323	22692
DR43-seq	73556551.0	294.0	70001526.0	95.17	292.12	72262147.0	71628672.0	71561769.0	542619.0	47872.0	109887.0	0.5	0.01	1.84	0.01	1.72	2142058.0	2.91	15891.0	0.02	0.0	1.87	0.03	0	1375017	22059
HSAMDCD1	93656958.0	293.0	89227242.0	95.27	292.65	89005057.0	85766456.0	87802777.0	888246.0	82719.0	231315.0	0.17	0.01	1.98	0.01	1.87	3220804.0	3.44	46026.0	0.05	0.0	1.18	0.06	0	1106617	56269
HSD3C1	91085151.0	293.0	87731501.0	96.32	292.93	89690736.0	87920075.0	88613139.0	787289.0	81299.0	209009.0	0.17	0.01	1.99	0.01	1.79	2241910.0	2.46	33993.0	0.04	0.0	1.13	0.05	0	1032080	45667
HSTJP11	85764516.0	293.0	82240501.0	95.89	292.33	83236728.0	81189406.0	82162566.0	799763.0	76246.0	198153.0	0.18	0.01	2.04	0.01	1.81	1968024.0	2.29	46553.0	0.05	0.0	1.67	0.09	0	1432251	77187
KB10-seq	61241118.0	151.0	55689505.0	90.93	150.74	32189491.0	31915691.0	31857989.0	253401.0	32521.0	45580.0	0.29	0.0	1.98	0.01	1.27	2162618.0	3.53	29187.0	0.05	0.0	5.45	0.04	0	3335329	24479
MF_1	95476586.0	291.0	90724726.0	95.02	291.41	100952365.0	99975517.0	99879652.0	801163.0	73354.0	198196.0	0.2	0.01	2.03	0.01	1.73	3242958.0	3.4	20487.0	0.02	0.0	1.52	0.03	0	1459607	28808
MF_2	113072023.0	291.0	106101084.0	93.83	290.86	118990341.0	117882440.0	117781546.0	903873.0	84069.0	220853.0	0.2	0.01	1.87	0.01	1.72	5202373.0	4.6	25799.0	0.02	0.0	1.51	0.03	0	1708817	33950
